4759
6775
4135
8966
6910
2693
7264
3013
3540
5445
4433
890
7688
4170
2167
3714
3089
1404
2564
4237
8903
4552
6107
5979
8725
6580
3959
7975
2447
6119
1471
96
7496
5920
6462
9785
7448
3999
6477
1860
2016
8907
8631
6380
2104
4586
5825
5201
5774
3837
5121
2552
6129
2693
8949
7747
469
8129
6439
8001
1732
293
4136
427
7235
5974
8198
4962
2102
4260
7198
3559
8081
9128
2682
3181
5151
6745
4704
7963
5279
3835
8153
4551
5548
5189
3100
7618
9858
2093
3989
3625
259
2922
4827
9
546
1447
4744
1023
6173
2786
1523
2420
1555
624
8909
2938
4082
3835
7418
4527
1246
7936
9306
99
6160
7028
8776
5879
3764
2109
4016
5964
509
1041
8351
9816
5832
8578
7797
1771
5106
5365
9291
9194
2865
9430
1286
4313
624
6208
8344
5195
4458
8865
8295
4889
5556
7531
5511
9616
4013
2786
8280
2382
8341
4993
4282
6770
9350
5589
7059
3475
8241
1036
4831
6052
376
5554
6187
2361
6061
6186
3264
3996
8700
5471
6269
4663
6900
8140
1635
3699
5848
2354
5054
9526
6129
3885
833
3743
667
4716
7537
8232
7251
829
7307
50
1349
1716
9245
5529
9241
1137
5206
1343
5241
79
9202
4449
677
7042
8509
8459
2338
2757
1427
487
1353
422
8728
3257
4454
5585
7306
1012
5786
3627
5167
6028
5088
9842
349
2856
1595
6783
8722
248
6380
7140
6644
4249
9681
2299
5593
6614
3709
7739
4699
6243
111
209
8647
7376
1862
6109
1793
4921
3097
1027
3819
1661
2241
447
5911
3839
7
6299
4596
2660
7023
8237
1831
4942
5677
9734
2340
6074
3932
1573
7510
8857
5727
2331
2928
1175
4163
2110
4186
3725
9681
8047
3971
1528
3912
6310
8509
3165
7475
4652
2089
2657
1801
733
2812
5010
9406
5406
1960
3232
723
5209
5344
7219
2942
9203
9167
9316
6866
1624
9366
1103
6016
2042
8061
6594
6906
515
8503
7222
7361
6885
7276
7744
4499
7163
6569
3751
4945
5803
5007
747
9481
9862
6910
7332
6644
3702
2143
5468
7015
7056
1702
7109
8084
9111
6666
3415
5890
2747
6660
1986
7570
6374
6962
9867
272
9503
2886
1334
3855
3144
9430
2656
4465
4417
7075
6625
5619
1172
3998
2377
8830
3554
8597
6859
4309
8985
564
1272
4760
9781
8976
5815
5292
9384
621
2274
5087
8860
6933
1198
8184
9602
8259
7863
3259
9595
947
9749
4775
3323
9764
8041
4879
536
6230
5457
3569
7204
5547
849
9693
4410
387
4011
7640
4920
9107
4516
8724
4375
8835
2630
2201
6166
1272
2773
6619
4608
534
6316
5422
66
8361
9978
50
7662
8071
9112
2190
4101
8758
3169
4827
4514
5382
2072
158
9421
1474
7582
959
5479
1739
8851
8334
5672
3439
3178
4740
7920
7210
3656
6992
1566
5579
3739
2116
5839
3429
8088
5353
3231
5233
5476
4816
7522
3925
3106
5608
9599
7960
4377
1823
3556
1258
8009
7142
6985
7759
9969
8645
1858
1010
2791
3465
4467
5495
7347
5237
6631
8978
7275
6347
4581
9409
3148
4739
2281
8010
4238
4938
3340
2865
4782
2539
3759
7495
987
2653
1698
2983
3132
3689
7615
7760
5341
7773
2542
7765
6897
7064
9942
5296
6275
6577
8184
8264
1197
1807
9939
2936
4247
1268
3441
6579
2602
9952
997
4923
6415
5436
2773
1569
6160
2060
8578
878
5514
5037
1320
2995
7954
2397
7949
8317
2202
6401
7234
5738
8067
8655
146
9286
4306
2514
6553
4039
784
952
8755
8015
6871
8899
7010
1482
8616
4348
2466
7159
1373
8018
2602
286
4276
1702
2336
1281
1041
4621
9188
6936
2761
8442
672
3750
7850
8888
9927
1031
8756
4933
880
7587
5084
6242
8250
4300
472
3966
5579
1744
1360
8663
812
9827
1517
9424
5544
8535
5263
4982
3578
4419
3324
7024
6674
5067
3524
1092
9213
1562
8066
5163
5177
2657
3920
5702
3679
6558
3942
7065
7587
2283
2733
511
4596
2403
4270
1994
7430
4344
3359
1349
7193
7325
2632
8236
1229
5040
639
2797
9886
5055
1314
2656
9792
8877
7331
393
3903
692
5339
6855
6572
9475
2555
4999
8250
6747
6929
4206
2278
2944
5508
3899
3950
2872
2011
1294
2520
9929
415
3447
5683
784
7331
8886
9872
57
2478
4726
2559
4040
1854
9809
798
5753
5287
6286
4746
1126
966
8613
5710
744
7221
5443
946
4852
8835
7921
4142
5628
5294
1120
1120
3043
1937
195
7468
937
3761
3542
8188
2101
5802
4027
1446
8983
1900
7959
2479
2739
6883
3912
7923
246
1405
5930
1152
3796
1009
3776
5906
6247
17
8677
7682
2389
890
5613
8691
670
935
5198
2200
6105
9923
8297
4154
5427
266
8104
8802
8441
7185
8287
7492
9654
6704
4820
3077
2532
3577
7171
9649
4852
8351
8112
6712
149
3162
5878
2283
5726
5752
2062
343
2712
6939
893
7231
6515
7083
7970
7458
8447
5287
7385
321
6772
7942
2187
1574
209
6677
4965
6658
6911
3549
7985
404
8637
1278
5591
9404
8671
1055
9488
5866
1810
9835
6091
2239
8214
6941
8633
8347
2817
5622
1026
4403
9095
7881
3772
6084
1999
2748
9620
7782
8454
6070
9885
9423
3454
9923
7264
9203
1496
2662
7900
8940
3833
9285
9094
3442
6354
7001
5609
7878
1582
2147
6829
1982
5726
2602
4416
6532
7560
3177
6616
9540
7301
687
4514
1860
8998
3051
251
5312
1943
8359
4378
7557
2637
7476
8988
2625
5930
6739
1179
8931
8931
1221
3745
2484
7145
6791
9724
4301
4909
5037
8655
392
1273
903
7072
5958
5395
1658
2573
5655
1733
1956
2524
3841
7828
8976
8249
4682
7302
2057
7066
2600
2709
4886
5898
37
2217
8695
4398
8422
4151
7882
553
2316
4552
4582
7568
1909
4719
5424
4987
4596
1712
20
1817
4768
3286
9657
914
6852
4958
1352
7732
9503
1518
242
3373
2815
2308
5627
364
9200
7911
4090
